VARIABLES="X","Y","U","V","P"
ZONE  F=POINT
I=33, J=33
0.00000000	0.00000000	0.00000000	0.00000000	0.99999974
0.03030303	0.00000000	0.00000000	0.00000000	0.99994365
0.06060606	0.00000000	0.00000309	0.00000000	0.99980404
0.09090909	0.00000000	-0.00015914	0.00000000	0.99962995
0.12121212	0.00000000	-0.00052163	0.00000000	0.99945738
0.15151515	0.00000000	-0.00106729	0.00000000	0.99931014
0.18181818	0.00000000	-0.00176063	0.00000000	0.99920305
0.21212121	0.00000000	-0.00256218	0.00000000	0.99914495
0.24242424	0.00000000	-0.00343447	0.00000000	0.99914096
0.27272727	0.00000000	-0.00434384	0.00000000	0.99919398
0.30303030	0.00000000	-0.00526047	0.00000000	0.99930557
0.33333333	0.00000000	-0.00615752	0.00000000	0.99947632
0.36363636	0.00000000	-0.00701015	0.00000000	0.99970589
0.39393939	0.00000000	-0.00779465	0.00000000	0.99999270
0.42424242	0.00000000	-0.00848796	0.00000000	1.00033360
0.45454545	0.00000000	-0.00906754	0.00000000	1.00072341
0.48484848	0.00000000	-0.00951165	0.00000000	1.00115447
0.51515152	0.00000000	-0.00980004	0.00000000	1.00161630
0.54545455	0.00000000	-0.00991489	0.00000000	1.00209383
0.57575758	0.00000000	-0.00984207	0.00000000	1.00256911
0.60606061	0.00000000	-0.00957344	0.00000000	1.00302377
0.63636364	0.00000000	-0.00910788	0.00000000	1.00343854
0.66666667	0.00000000	-0.00845335	0.00000000	1.00379439
0.69696970	0.00000000	-0.00762843	0.00000000	1.00407420
0.72727273	0.00000000	-0.00666312	0.00000000	1.00426468
0.75757576	0.00000000	-0.00559865	0.00000000	1.00435817
0.78787879	0.00000000	-0.00448612	0.00000000	1.00435418
0.81818182	0.00000000	-0.00338383	0.00000000	1.00426043
0.84848485	0.00000000	-0.00235325	0.00000000	1.00409324
0.87878788	0.00000000	-0.00145396	0.00000000	1.00387722
0.90909091	0.00000000	-0.00073766	0.00000000	1.00364446
0.93939394	0.00000000	-0.00024127	0.00000000	1.00343334
0.96969697	0.00000000	0.00002159	0.00000000	1.00328669
0.00000000	0.03030303	0.00000000	0.00000000	1.00005526
0.03030303	0.03030303	0.00000000	0.00000000	0.99999778
0.06060606	0.03030303	-0.00016369	0.00000000	0.99972891
0.09090909	0.03030303	-0.00078420	0.00000000	0.99940759
0.12121212	0.03030303	-0.00192638	0.00000000	0.99909276
0.15151515	0.03030303	-0.00354683	0.00000000	0.99882516
0.18181818	0.03030303	-0.00555699	0.00000000	0.99863124
0.21212121	0.03030303	-0.00785519	0.00000000	0.99852742
0.24242424	0.03030303	-0.01034177	0.00000000	0.99852369
0.27272727	0.03030303	-0.01292487	0.00000000	0.99862607
0.30303030	0.03030303	-0.01552132	0.00000000	0.99883812
0.33333333	0.03030303	-0.01805528	0.00000000	0.99916153
0.36363636	0.03030303	-0.02045617	0.00000000	0.99959611
0.39393939	0.03030303	-0.02265685	0.00000000	1.00013927
0.42424242	0.03030303	-0.02459263	0.00000000	1.00078534
0.45454545	0.03030303	-0.02620114	0.00000000	1.00152470
0.48484848	0.03030303	-0.02742326	0.00000000	1.00234302
0.51515152	0.03030303	-0.02820489	0.00000000	1.00322064
0.54545455	0.03030303	-0.02849960	0.00000000	1.00412839
0.57575758	0.03030303	-0.02827189	0.00000000	1.00503164
0.60606061	0.03030303	-0.02750162	0.00000000	1.00589570
0.63636364	0.03030303	-0.02618824	0.00000000	1.00668404
0.66666667	0.03030303	-0.02435561	0.00000000	1.00736073
0.69696970	0.03030303	-0.02205561	0.00000000	1.00789363
0.72727273	0.03030303	-0.01937004	0.00000000	1.00825798
0.75757576	0.03030303	-0.01641000	0.00000000	1.00843983
0.78787879	0.03030303	-0.01331230	0.00000000	1.00843888
0.81818182	0.03030303	-0.01023250	0.00000000	1.00827027
0.84848485	0.03030303	-0.00733445	0.00000000	1.00796502
0.87878788	0.03030303	-0.00477681	0.00000000	1.00756908
0.90909091	0.03030303	-0.00269696	0.00000000	1.00714124
0.93939394	0.03030303	-0.00119259	0.00000000	1.00675007
0.96969697	0.03030303	-0.00030003	0.00000000	1.00646976
0.00000000	0.06060606	0.00000000	-0.00000297	1.00019614
0.03030303	0.06060606	0.00000000	0.00015926	1.00026325
0.06060606	0.06060606	-0.00055578	0.00052472	0.99998746
0.09090909	0.06060606	-0.00182914	0.00090815	0.99969564
0.12121212	0.06060606	-0.00384104	0.00123900	0.99942277
0.15151515	0.06060606	-0.00651805	0.00149489	0.99919566
0.18181818	0.06060606	-0.00973755	0.00167384	0.99903315
0.21212121	0.06060606	-0.01335870	0.00178165	0.99894800
0.24242424	0.06060606	-0.01723998	0.00182600	0.99894878
0.27272727	0.06060606	-0.02124739	0.00181368	0.99904141
0.30303030	0.06060606	-0.02525674	0.00174968	0.99923002
0.33333333	0.06060606	-0.02915295	0.00163713	0.99951723
0.36363636	0.06060606	-0.03282824	0.00147781	0.99990400
0.39393939	0.06060606	-0.03618041	0.00127288	1.00038911
0.42424242	0.06060606	-0.03911198	0.00102369	1.00096842
0.45454545	0.06060606	-0.04153048	0.00073251	1.00163410
0.48484848	0.06060606	-0.04334993	0.00040323	1.00237392
0.51515152	0.06060606	-0.04449355	0.00004203	1.00317073
0.54545455	0.06060606	-0.04489728	-0.00034145	1.00399715
0.57575758	0.06060606	-0.04451408	-0.00073420	1.00482068
0.60606061	0.06060606	-0.04331845	-0.00112009	1.00560985
0.63636364	0.06060606	-0.04131355	-0.00147945	1.00633120
0.66666667	0.06060606	-0.03853711	-0.00179023	1.00695181
0.69696970	0.06060606	-0.03506595	-0.00202978	1.00744237
0.72727273	0.06060606	-0.03101827	-0.00217699	1.00778048
0.75757576	0.06060606	-0.02655281	-0.00221482	1.00795378
0.78787879	0.06060606	-0.02186415	-0.00213287	1.00796249
0.81818182	0.06060606	-0.01717337	-0.00192987	1.00782070
0.84848485	0.06060606	-0.01271392	-0.00161559	1.00755629
0.87878788	0.06060606	-0.00871283	-0.00121269	1.00720935
0.90909091	0.06060606	-0.00536796	-0.00075925	1.00682912
0.93939394	0.06060606	-0.00282232	-0.00031509	1.00647002
0.96969697	0.06060606	-0.00113652	0.00002159	1.00618664
0.00000000	0.09090909	0.00000000	0.00016381	1.00037392
0.03030303	0.09090909	0.00000000	0.00078433	1.00058218
0.06060606	0.09090909	-0.00100785	0.00176269	1.00025809
0.09090909	0.09090909	-0.00301042	0.00276263	0.99995680
0.12121212	0.09090909	-0.00593678	0.00363061	0.99969417
0.15151515	0.09090909	-0.00966120	0.00430836	0.99948358
0.18181818	0.09090909	-0.01402422	0.00478477	0.99933517
0.21212121	0.09090909	-0.01885304	0.00506968	0.99925650
0.24242424	0.09090909	-0.02397534	0.00517955	0.99925343
0.27272727	0.09090909	-0.02922651	0.00513042	0.99933085
0.30303030	0.09090909	-0.03445211	0.00493484	0.99949301
0.33333333	0.09090909	-0.03950755	0.00460156	0.99974341
0.36363636	0.09090909	-0.04425674	0.00413646	1.00008443
0.39393939	0.09090909	-0.04857078	0.00354429	1.00051660
0.42424242	0.09090909	-0.05232754	0.00283063	1.00103779
0.45454545	0.09090909	-0.05541243	0.00200375	1.00164239
0.48484848	0.09090909	-0.05772035	0.00107634	1.00232048
0.51515152	0.09090909	-0.05915885	0.00006700	1.00305731
0.54545455	0.09090909	-0.05965217	-0.00099798	1.00382707
0.57575758	0.09090909	-0.05914586	-0.00208365	1.00459857
0.60606061	0.09090909	-0.05761147	-0.00314601	1.00534206
0.63636364	0.09090909	-0.05505480	-0.00413263	1.00602533
0.66666667	0.09090909	-0.05152245	-0.00498557	1.00661631
0.69696970	0.09090909	-0.04710686	-0.00564562	1.00708610
0.72727273	0.09090909	-0.04194923	-0.00605774	1.00741225
0.75757576	0.09090909	-0.03623908	-0.00617750	1.00758190
0.78787879	0.09090909	-0.03020957	-0.00597785	1.00759414
0.81818182	0.09090909	-0.02412751	-0.00545569	1.00746123
0.84848485	0.09090909	-0.01827755	-0.00463749	1.00720808
0.87878788	0.09090909	-0.01294039	-0.00358423	1.00687020
0.90909091	0.09090909	-0.00836602	-0.00239694	1.00649001
0.93939394	0.09090909	-0.00474392	-0.00122709	1.00611223
0.96969697	0.09090909	-0.00217353	-0.00030003	1.00577861
0.00000000	0.12121212	0.00000000	0.00055281	1.00054971
0.03030303	0.12121212	0.00000000	0.00198840	1.00088891
0.06060606	0.12121212	-0.00145845	0.00380999	1.00049690
0.09090909	0.12121212	-0.00419730	0.00559706	1.00016322
0.12121212	0.12121212	-0.00803688	0.00713550	0.99988913
0.15151515	0.12121212	-0.01278328	0.00833554	0.99967645
0.18181818	0.12121212	-0.01823284	0.00917627	0.99952704
0.21212121	0.12121212	-0.02418100	0.00967034	0.99944301
0.24242424	0.12121212	-0.03042962	0.00984275	0.99942710
0.27272727	0.12121212	-0.03679090	0.00971924	0.99948285
0.30303030	0.12121212	-0.04308841	0.00932119	0.99961445
0.33333333	0.12121212	-0.04915631	0.00866459	0.99982634
0.36363636	0.12121212	-0.05483812	0.00776155	1.00012248
0.39393939	0.12121212	-0.05998565	0.00662295	1.00050545
0.42424242	0.12121212	-0.06445898	0.00526164	1.00097550
0.45454545	0.12121212	-0.06812749	0.00369558	1.00152946
0.48484848	0.12121212	-0.07087217	0.00195058	1.00215988
0.51515152	0.12121212	-0.07258898	0.00006256	1.00285431
0.54545455	0.12121212	-0.07319303	-0.00192027	1.00358851
0.57575758	0.12121212	-0.07262334	-0.00393473	1.00433209
0.60606061	0.12121212	-0.07084746	-0.00590144	1.00505566
0.63636364	0.12121212	-0.06786997	-0.00772705	1.00572687
0.66666667	0.12121212	-0.06373950	-0.00930907	1.00631276
0.69696970	0.12121212	-0.05855465	-0.01054292	1.00678289
0.72727273	0.12121212	-0.05246801	-0.01133112	1.00711277
0.75757576	0.12121212	-0.04568702	-0.01159426	1.00728713
0.78787879	0.12121212	-0.03847046	-0.01128310	1.00730246
0.81818182	0.12121212	-0.03111931	-0.01039040	1.00716830
0.84848485	0.12121212	-0.02396079	-0.00896156	1.00690672
0.87878788	0.12121212	-0.01732534	-0.00710320	1.00654990
0.90909091	0.12121212	-0.01151726	-0.00499068	1.00613617
0.93939394	0.12121212	-0.00678193	-0.00287774	1.00570499
0.96969697	0.12121212	-0.00327462	-0.00111493	1.00529170
0.00000000	0.15151515	0.00000000	0.00117166	1.00069246
0.03030303	0.15151515	0.00000000	0.00379474	1.00112767
0.06060606	0.15151515	-0.00188448	0.00669163	1.00066051
0.09090909	0.15151515	-0.00533004	0.00941341	1.00028230
0.12121212	0.15151515	-0.01004829	0.01171805	0.99998285
0.15151515	0.15151515	-0.01577102	0.01350020	0.99975435
0.18181818	0.15151515	-0.02224549	0.01473590	0.99959140
0.21212121	0.15151515	-0.02923431	0.01544314	0.99949115
0.24242424	0.15151515	-0.03651584	0.01565632	0.99945341
0.27272727	0.15151515	-0.04388380	0.01541146	0.99948043
0.30303030	0.15151515	-0.05114577	0.01473948	0.99957647
0.33333333	0.15151515	-0.05812125	0.01366479	0.99974701
0.36363636	0.15151515	-0.06463983	0.01220727	0.99999781
0.39393939	0.15151515	-0.07054011	0.01038595	1.00033378
0.42424242	0.15151515	-0.07566971	0.00822343	1.00075774
0.45454545	0.15151515	-0.07988642	0.00575016	1.00126923
0.48484848	0.15151515	-0.08306058	0.00300815	1.00186341
0.51515152	0.15151515	-0.08507843	0.00005401	1.00253009
0.54545455	0.15151515	-0.08584632	-0.00303868	1.00324690
0.57575758	0.15151515	-0.08529545	-0.00617471	1.00398390
0.60606061	0.15151515	-0.08338624	-0.00923503	1.00471102
0.63636364	0.15151515	-0.08011649	-0.01208057	1.00539469
0.66666667	0.15151515	-0.07552919	-0.01455879	1.00599971
0.69696970	0.15151515	-0.06971977	-0.01651340	1.00649245
0.72727273	0.15151515	-0.06284190	-0.01779740	1.00684452
0.75757576	0.15151515	-0.05511056	-0.01828907	1.00703641
0.78787879	0.15151515	-0.04680099	-0.01790987	1.00706047
0.81818182	0.15151515	-0.03824163	-0.01664281	1.00692251
0.84848485	0.15151515	-0.02979954	-0.01454902	1.00664160
0.87878788	0.15151515	-0.02185720	-0.01178069	1.00624767
0.90909091	0.15151515	-0.01478123	-0.00858943	1.00577743
0.93939394	0.15151515	-0.00888621	-0.00533143	1.00526911
0.96969697	0.15151515	-0.00439965	-0.00247356	1.00475708
0.00000000	0.18181818	0.00000000	0.00201126	1.00077656
0.03030303	0.18181818	0.00000000	0.00618570	1.00125051
0.06060606	0.18181818	-0.00227688	0.01038841	1.00070793
0.09090909	0.18181818	-0.00638045	0.01418304	1.00027991
0.12121212	0.18181818	-0.01192108	0.01733146	0.99994680
0.15151515	0.18181818	-0.01855718	0.01973325	0.99969272
0.18181818	0.18181818	-0.02598621	0.02137305	0.99950613
0.21212121	0.18181818	-0.03393797	0.02228025	0.99938001
0.24242424	0.18181818	-0.04216914	0.02250154	0.99931173
0.27272727	0.18181818	-0.05045832	0.02208465	0.99930263
0.30303030	0.18181818	-0.05860162	0.02107090	0.99935730
0.33333333	0.18181818	-0.06640891	0.01949393	0.99948250
0.36363636	0.18181818	-0.07370097	0.01738241	0.99968604
0.39393939	0.18181818	-0.08030796	0.01476478	0.99997535
0.42424242	0.18181818	-0.08606906	0.01167483	1.00035613
0.45454545	0.18181818	-0.09083351	0.00815707	1.00083084
0.48484848	0.18181818	-0.09446280	0.00427144	1.00139741
0.51515152	0.18181818	-0.09683388	0.00009693	1.00204808
0.54545455	0.18181818	-0.09784325	-0.00426584	1.00276290
0.57575758	0.18181818	-0.09741164	-0.00868810	1.00351239
0.60606061	0.18181818	-0.09548822	-0.01300941	1.00426495
0.63636364	0.18181818	-0.09205769	-0.01704237	1.00498510
0.66666667	0.18181818	-0.08714945	-0.02058056	1.00563427
0.69696970	0.18181818	-0.08084660	-0.02341055	1.00617416
0.72727273	0.18181818	-0.07329424	-0.02532867	1.00657070
0.75757576	0.18181818	-0.06470578	-0.02616198	1.00679827
0.78787879	0.18181818	-0.05536534	-0.02579277	1.00684325
0.81818182	0.18181818	-0.04562430	-0.02418437	1.00670644
0.84848485	0.18181818	-0.03588933	-0.02140509	1.00640336
0.87878788	0.18181818	-0.02660014	-0.01764661	1.00596238
0.90909091	0.18181818	-0.01819650	-0.01323333	1.00542060
0.93939394	0.18181818	-0.01107736	-0.00862144	1.00481841
0.96969697	0.18181818	-0.00555881	-0.00438955	1.00419361
0.00000000	0.21212121	0.00000000	0.00305614	1.00078015
0.03030303	0.21212121	0.00000000	0.00912478	1.00121548
0.06060606	0.21212121	-0.00263142	0.01485543	1.00060114
0.09090909	0.21212121	-0.00733361	0.01985439	1.00012228
0.12121212	0.21212121	-0.01362601	0.02391525	0.99975100
0.15151515	0.21212121	-0.02109907	0.02696349	0.99946454
0.18181818	0.21212121	-0.02940302	0.02900624	0.99924625
0.21212121	0.21212121	-0.03823669	0.03009264	0.99908573
0.24242424	0.21212121	-0.04733724	0.03028626	0.99897858
0.27272727	0.21212121	-0.05647109	0.02964891	0.99892572
0.30303030	0.21212121	-0.06542651	0.02823353	0.99893240
0.33333333	0.21212121	-0.07400773	0.02608365	0.99900699
0.36363636	0.21212121	-0.08203080	0.02323714	0.99915961
0.39393939	0.21212121	-0.08932109	0.01973226	0.99940050
0.42424242	0.21212121	-0.09571242	0.01561431	0.99973848
0.45454545	0.21212121	-0.10104753	0.01094217	1.00017922
0.48484848	0.21212121	-0.10517993	0.00579389	1.00072375
0.51515152	0.21212121	-0.10797682	0.00027103	1.00136700
0.54545455	0.21212121	-0.10932296	-0.00549876	1.00209233
0.57575758	0.21212121	-0.10912527	-0.01135366	1.00287106
0.60606061	0.21212121	-0.10731724	-0.01709207	1.00366965
0.63636364	0.21212121	-0.10386419	-0.02247729	1.00445027
0.66666667	0.21212121	-0.09877398	-0.02724608	1.00517012
0.69696970	0.21212121	-0.09210842	-0.03112261	1.00578486
0.72727273	0.21212121	-0.08399464	-0.03383832	1.00625296
0.75757576	0.21212121	-0.07463537	-0.03515801	1.00654055
0.78787879	0.21212121	-0.06431608	-0.03491133	1.00662593
0.81818182	0.21212121	-0.05340642	-0.03302724	1.00650302
0.84848485	0.21212121	-0.04235244	-0.02956732	1.00618280
0.87878788	0.21212121	-0.03165660	-0.02475168	1.00569215
0.90909091	0.21212121	-0.02184346	-0.01897101	1.00507002
0.93939394	0.21212121	-0.01341279	-0.01278024	1.00436163
0.96969697	0.21212121	-0.00678705	-0.00687321	1.00361167
0.00000000	0.24242424	0.00000000	0.00428814	1.00068423
0.03030303	0.24242424	0.00000000	0.01256615	1.00098560
0.06060606	0.24242424	-0.00294524	0.02003261	1.00030542
0.09090909	0.24242424	-0.00817954	0.02635976	0.99977724
0.12121212	0.24242424	-0.01514307	0.03139659	0.99936574
0.15151515	0.24242424	-0.02336599	0.03511405	0.99904218
0.18181818	0.24242424	-0.03245621	0.03755598	0.99878562
0.21212121	0.24242424	-0.04208496	0.03880060	0.99858308
0.24242424	0.24242424	-0.05197266	0.03893402	0.99842900
0.27272727	0.24242424	-0.06187648	0.03803524	0.99832436
0.30303030	0.24242424	-0.07158000	0.03617025	0.99827552
0.33333333	0.24242424	-0.08088520	0.03339299	0.99829277
0.36363636	0.24242424	-0.08960674	0.02975050	0.99838879
0.39393939	0.24242424	-0.09756829	0.02529034	0.99857697
0.42424242	0.24242424	-0.10460068	0.02006857	0.99886956
0.45454545	0.24242424	-0.11054171	0.01415744	0.99927585
0.48484848	0.24242424	-0.11523735	0.00765188	0.99980035
0.51515152	0.24242424	-0.11854425	0.00067469	1.00044112
0.54545455	0.24242424	-0.12033325	-0.00662087	1.00118605
0.57575758	0.24242424	-0.12049399	-0.01404205	1.00200814
0.60606061	0.24242424	-0.11894013	-0.02134817	1.00287186
0.63636364	0.24242424	-0.11561169	-0.02825347	1.00373697
0.66666667	0.24242424	-0.11048754	-0.03443577	1.00455582
0.69696970	0.24242424	-0.10359943	-0.03955137	1.00527683
0.72727273	0.24242424	-0.09504690	-0.04325757	1.00584915
0.75757576	0.24242424	-0.08501229	-0.04524346	1.00622828
0.78787879	0.24242424	-0.07377359	-0.04526879	1.00638178
0.81818182	0.24242424	-0.06171225	-0.04320853	1.00629426
0.84848485	0.24242424	-0.04931149	-0.03909791	1.00597031
0.87878788	0.24242424	-0.03714033	-0.03316939	1.00543464
0.90909091	0.24242424	-0.02581907	-0.02587102	1.00472878
0.93939394	0.24242424	-0.01596574	-0.01785718	1.00390481
0.96969697	0.24242424	-0.00812990	-0.00994836	1.00301716
0.00000000	0.27272727	0.00000000	0.00568756	1.00047227
0.03030303	0.27272727	0.00000000	0.01645839	1.00052840
0.06060606	0.27272727	-0.00321563	0.02585003	0.99978965
0.09090909	0.27272727	-0.00890991	0.03361985	0.99921522
0.12121212	0.27272727	-0.01645591	0.03969225	0.99876297
0.15151515	0.27272727	-0.02533255	0.04410111	0.99839889
0.18181818	0.27272727	-0.03511160	0.04694046	0.99809852
0.21212121	0.27272727	-0.04544095	0.04832704	0.99784691
0.24242424	0.27272727	-0.05602767	0.04837553	0.99763790
0.27272727	0.27272727	-0.06662266	0.04718555	0.99747301
0.30303030	0.27272727	-0.07700782	0.04483782	0.99736001
0.33333333	0.27272727	-0.08698597	0.04139701	0.99731144
0.36363636	0.27272727	-0.09637339	0.03691877	0.99734288
0.39393939	0.27272727	-0.10499478	0.03145870	0.99747114
0.42424242	0.27272727	-0.11268024	0.02508182	0.99771234
0.45454545	0.27272727	-0.11926406	0.01787146	0.99807981
0.48484848	0.27272727	-0.12458517	0.00993691	0.99858211
0.51515152	0.27272727	-0.12848897	0.00141947	0.99922111
0.54545455	0.27272727	-0.13083057	-0.00750448	0.99999059
0.57575758	0.27272727	-0.13147912	-0.01661475	1.00086668
0.60606061	0.27272727	-0.13032475	-0.02563533	1.00181250
0.63636364	0.27272727	-0.12727719	-0.03423306	1.00278570
0.66666667	0.27272727	-0.12227961	-0.04202543	1.00373354
0.69696970	0.27272727	-0.11532525	-0.04859566	1.00459616
0.72727273	0.27272727	-0.10647621	-0.05351687	1.00531152
0.75757576	0.27272727	-0.09588359	-0.05638696	1.00582184
0.78787879	0.27272727	-0.08380700	-0.05687497	1.00608073
0.81818182	0.27272727	-0.07063028	-0.05477706	1.00606012
0.84848485	0.27272727	-0.05686798	-0.05007630	1.00575539
0.87878788	0.27272727	-0.04315606	-0.04299549	1.00518737
0.90909091	0.27272727	-0.03021938	-0.03402743	1.00440003
0.93939394	0.27272727	-0.01881217	-0.02392744	1.00345373
0.96969697	0.27272727	-0.00963554	-0.01366025	1.00241498
0.00000000	0.30303030	0.00000000	0.00723338	1.00013012
0.03030303	0.30303030	0.00000000	0.02074570	0.99981600
0.06060606	0.30303030	-0.00343986	0.03223043	0.99902684
0.09090909	0.30303030	-0.00951694	0.04154621	0.99841010
0.12121212	0.30303030	-0.01754992	0.04870974	0.99791746
0.15151515	0.30303030	-0.02697600	0.05383302	0.99751029
0.18181818	0.30303030	-0.03733751	0.05707243	0.99716118
0.21212121	0.30303030	-0.04826377	0.05859212	0.99685377
0.24242424	0.30303030	-0.05945209	0.05854136	0.99658173
0.27272727	0.30303030	-0.07065020	0.05704396	0.99634744
0.30303030	0.30303030	-0.08164129	0.05419699	0.99616041
0.33333333	0.30303030	-0.09223199	0.05007608	0.99603564
0.36363636	0.30303030	-0.10224321	0.04474444	0.99599190
0.39393939	0.30303030	-0.11150347	0.03826375	0.99604979
0.42424242	0.30303030	-0.11984458	0.03070524	0.99622969
0.45454545	0.30303030	-0.12709912	0.02215997	0.99654959
0.48484848	0.30303030	-0.13309988	0.01274778	0.99702278
0.51515152	0.30303030	-0.13768097	0.00262442	0.99765559
0.54545455	0.30303030	-0.14068061	-0.00801399	0.99844949
0.57575758	0.30303030	-0.14194548	-0.01892435	0.99938575
0.60606061	0.30303030	-0.14133829	-0.02980075	1.00042739
0.63636364	0.30303030	-0.13873524	-0.04026573	1.00153091
0.66666667	0.30303030	-0.13403815	-0.04987641	1.00263869
0.69696970	0.30303030	-0.12719388	-0.05813851	1.00368189
0.72727273	0.30303030	-0.11821705	-0.06453088	1.00458553
0.75757576	0.30303030	-0.10721550	-0.06854350	1.00527563
0.78787879	0.30303030	-0.09441715	-0.06973089	1.00568803
0.81818182	0.30303030	-0.08019504	-0.06778044	1.00577762
0.84848485	0.30303030	-0.06508444	-0.06259034	1.00552643
0.87878788	0.30303030	-0.04978361	-0.05434398	1.00494836
0.90909091	0.30303030	-0.03512701	-0.04356019	1.00408852
0.93939394	0.30303030	-0.02202220	-0.03109487	1.00301623
0.96969697	0.30303030	-0.01135023	-0.01807826	1.00181227
0.00000000	0.33333333	0.00000000	0.00890320	0.99964616
0.03030303	0.33333333	0.00000000	0.02536830	0.99882549
0.06060606	0.33333333	-0.00361533	0.03909030	0.99799461
0.09090909	0.33333333	-0.00999370	0.05004250	0.99734000
0.12121212	0.33333333	-0.01841229	0.05834795	0.99680786
0.15151515	0.33333333	-0.02827607	0.06420951	0.99635555
0.18181818	0.33333333	-0.03910465	0.06785653	0.99595323
0.21212121	0.33333333	-0.05051352	0.06950874	0.99558349
0.24242424	0.33333333	-0.06219384	0.06935568	0.99524016
0.27272727	0.33333333	-0.07389323	0.06754886	0.99492668
0.30303030	0.33333333	-0.08539917	0.06420338	0.99465446
0.33333333	0.33333333	-0.09652515	0.05940582	0.99444116
0.36363636	0.33333333	-0.10709984	0.05322562	0.99430895
0.39393939	0.33333333	-0.11695877	0.04572798	0.99428252
0.42424242	0.33333333	-0.12593839	0.03698675	0.99438706
0.45454545	0.33333333	-0.13387212	0.02709636	0.99464585
0.48484848	0.33333333	-0.14058847	0.01618231	0.99507772
0.51515152	0.33333333	-0.14591115	0.00440963	0.99569440
0.54545455	0.33333333	-0.14966142	-0.00801029	0.99650644
0.57575758	0.33333333	-0.15166271	-0.02081668	0.99750293
0.60606061	0.33333333	-0.15174715	-0.03368047	0.99864935
0.63636364	0.33333333	-0.14975589	-0.04618500	0.99990255
0.66666667	0.33333333	-0.14554511	-0.05782883	1.00120087
0.69696970	0.33333333	-0.13900844	-0.06803733	1.00246635
0.72727273	0.33333333	-0.13010313	-0.07618608	1.00360957
0.75757576	0.33333333	-0.11888079	-0.08164027	1.00453743
0.78787879	0.33333333	-0.10552194	-0.08381399	1.00516350
0.81818182	0.33333333	-0.09037153	-0.08225127	1.00542020
0.84848485	0.33333333	-0.07396936	-0.07672490	1.00527054
0.87878788	0.33333333	-0.05706479	-0.06733938	1.00471667
0.90909091	0.33333333	-0.04060117	-0.05461127	1.00380202
0.93939394	0.33333333	-0.02565400	-0.03949087	1.00260460
0.96969697	0.33333333	-0.01331544	-0.02329580	1.00122141
0.00000000	0.36363636	0.00000000	0.01067324	0.99901160
0.03030303	0.36363636	0.00000000	0.03026264	0.99753941
0.06060606	0.36363636	-0.00374009	0.04634050	0.99667579
0.09090909	0.36363636	-0.01033507	0.05900527	0.99598806
0.12121212	0.36363636	-0.01903333	0.06849733	0.99541770
0.15151515	0.36363636	-0.02921664	0.07512079	0.99491868
0.18181818	0.36363636	-0.04038810	0.07918701	0.99445913
0.21212121	0.36363636	-0.05215377	0.08097854	0.99402089
0.24242424	0.36363636	-0.06420196	0.08073056	0.99359803
0.27272727	0.36363636	-0.07628320	0.07862575	0.99319514
0.30303030	0.36363636	-0.08819223	0.07479891	0.99282554
0.33333333	0.36363636	-0.09975261	0.06934756	0.99250962
0.36363636	0.36363636	-0.11080424	0.06234581	0.99227305
0.39393939	0.36363636	-0.12119335	0.05385940	0.99214496
0.42424242	0.36363636	-0.13076479	0.04396055	0.99215581
0.45454545	0.36363636	-0.13935641	0.03274182	0.99233495
0.48484848	0.36363636	-0.14679563	0.02032850	0.99270784
0.51515152	0.36363636	-0.15289821	0.00688894	0.99329287
0.54545455	0.36363636	-0.15746968	-0.00735632	0.99410971
0.57575758	0.36363636	-0.16030995	-0.02213459	0.99515844
0.60606061	0.36363636	-0.16122024	-0.03710090	0.99641191
0.63636364	0.36363636	-0.16000597	-0.05180710	0.99782933
0.66666667	0.36363636	-0.15647529	-0.06569751	0.99934655
0.69696970	0.36363636	-0.15046321	-0.07811689	1.00087708
0.72727273	0.36363636	-0.14186051	-0.08833077	1.00231620
0.75757576	0.36363636	-0.13064913	-0.09556396	1.00354886
0.78787879	0.36363636	-0.11694445	-0.09906360	1.00446158
0.81818182	0.36363636	-0.10104213	-0.09819187	1.00495773
0.84848485	0.36363636	-0.08346411	-0.09254777	1.00497381
0.87878788	0.36363636	-0.06499195	-0.08210539	1.00449327
0.90909091	0.36363636	-0.04666922	-0.06733697	1.00355297
0.93939394	0.36363636	-0.02974869	-0.04927019	1.00223798
0.96969697	0.36363636	-0.01556571	-0.02942849	1.00066311
0.00000000	0.39393939	0.00000000	0.01251852	0.99822063
0.03030303	0.39393939	0.00000000	0.03536199	0.99594622
0.06060606	0.39393939	-0.00381348	0.05388726	0.99505890
0.09090909	0.39393939	-0.01053923	0.06832486	0.99434302
0.12121212	0.39393939	-0.01940878	0.07904030	0.99373623
0.15151515	0.39393939	-0.02978874	0.08644697	0.99318963
0.18181818	0.39393939	-0.04117099	0.09094572	0.99266966
0.21212121	0.39393939	-0.05315582	0.09288845	0.99215749
0.24242424	0.39393939	-0.06543171	0.09256101	0.99164741
0.27272727	0.39393939	-0.07775489	0.09018077	0.99114502
0.30303030	0.39393939	-0.08993029	0.08590405	0.99066540
0.33333333	0.39393939	-0.10179497	0.07983945	0.99023155
0.36363636	0.39393939	-0.11320388	0.07206418	0.98987269
0.39393939	0.39393939	-0.12401827	0.06264133	0.98962257
0.42424242	0.39393939	-0.13409608	0.05163682	0.98951740
0.45454545	0.39393939	-0.14328453	0.03913539	0.98959346
0.48484848	0.39393939	-0.15141476	0.02525526	0.98988404
0.51515152	0.39393939	-0.15829891	0.01016118	0.99041588
0.54545455	0.39393939	-0.16373004	-0.00592456	0.99121651
0.57575758	0.39393939	-0.16748572	-0.02272349	0.99230046
0.60606061	0.39393939	-0.16933682	-0.03988251	0.99365490
0.63636364	0.39393939	-0.16905462	-0.05693246	0.99524404
0.66666667	0.39393939	-0.16639928	-0.07327081	0.99700380
0.69696970	0.39393939	-0.16114384	-0.08816498	0.99884084
0.72727273	0.39393939	-0.15310477	-0.10076728	1.00063516
0.75757576	0.39393939	-0.14218127	-0.11014953	1.00224758
0.78787879	0.39393939	-0.12840449	-0.11536657	1.00353273
0.81818182	0.39393939	-0.11199615	-0.11555801	1.00435738
0.84848485	0.39393939	-0.09343183	-0.11009308	1.00462219
0.87878788	0.39393939	-0.07349766	-0.09875017	1.00428234
0.90909091	0.39393939	-0.05331858	-0.08189700	1.00336049
0.93939394	0.39393939	-0.03432547	-0.06060443	1.00194515
0.96969697	0.39393939	-0.01812668	-0.03661124	1.00016974
0.00000000	0.42424242	0.00000000	0.01441333	0.99727071
0.03030303	0.42424242	0.00000000	0.04059771	0.99404059
0.06060606	0.42424242	-0.00383687	0.06163374	0.99313846
0.09090909	0.42424242	-0.01060942	0.07788683	0.99239970
0.12121212	0.42424242	-0.01954269	0.08985211	0.99175902
0.15151515	0.42424242	-0.02999440	0.09805792	0.99116520
0.18181818	0.42424242	-0.04144919	0.10300086	0.99058314
0.21212121	0.42424242	-0.05350444	0.10510798	0.98999322
0.24242424	0.42424242	-0.06585126	0.10472083	0.98938970
0.27272727	0.42424242	-0.07825416	0.10209515	0.98877882
0.30303030	0.42424242	-0.09053132	0.09741092	0.98817710
0.33333333	0.42424242	-0.10253675	0.09078831	0.98760984
0.36363636	0.42424242	-0.11414473	0.08230636	0.98710965
0.39393939	0.42424242	-0.12523640	0.07202246	0.98671499
0.42424242	0.42424242	-0.13568842	0.05999140	0.98646823
0.45454545	0.42424242	-0.14536357	0.04628363	0.98641333
0.48484848	0.42424242	-0.15410337	0.03100255	0.98659276
0.51515152	0.42424242	-0.16172298	0.01430067	0.98704374
0.54545455	0.42424242	-0.16800917	-0.00360575	0.98779957
0.57575758	0.42424242	-0.17272166	-0.02243857	0.98889255
0.60606061	0.42424242	-0.17559840	-0.04184585	0.99033215
0.63636364	0.42424242	-0.17638351	-0.06134985	0.99209117
0.66666667	0.42424242	-0.17479146	-0.08031229	0.99410953
0.69696970	0.42424242	-0.17053240	-0.09793097	0.99629004
0.72727273	0.42424242	-0.16334287	-0.11324684	0.99849887
0.75757576	0.42424242	-0.15302741	-0.12517096	1.00057163
0.78787879	0.42424242	-0.13951367	-0.13254394	1.00232663
0.81818182	0.42424242	-0.12292214	-0.13424205	1.00358602
0.84848485	0.42424242	-0.10364801	-0.12934266	1.00420346
0.87878788	0.42424242	-0.08244510	-0.11734866	1.00409330
0.90909091	0.42424242	-0.06048871	-0.09844047	1.00325303
0.93939394	0.42424242	-0.03937641	-0.07367326	1.00176792
0.96969697	0.42424242	-0.02101276	-0.04499421	0.99978945
0.00000000	0.45454545	0.00000000	0.01633200	0.99616249
0.03030303	0.45454545	0.00000000	0.04590122	0.99182344
0.06060606	0.45454545	-0.00381451	0.06948256	0.99091494
0.09090909	0.45454545	-0.01055610	0.08757437	0.99015899
0.12121212	0.45454545	-0.01945074	0.10080251	0.98948833
0.15151515	0.45454545	-0.02985112	0.10981405	0.98884976
0.18181818	0.45454545	-0.04123689	0.11520644	0.98820654
0.21212121	0.45454545	-0.05320433	0.11748752	0.98753793
0.24242424	0.45454545	-0.06544923	0.11705959	0.98683757
0.27272727	0.45454545	-0.07774687	0.11422085	0.98611178
0.30303030	0.45454545	-0.08993172	0.10917764	0.98537790
0.33333333	0.45454545	-0.10187851	0.10206275	0.98466306
0.36363636	0.45454545	-0.11348530	0.09295637	0.98400293
0.39393939	0.45454545	-0.12465849	0.08190758	0.98344055
0.42424242	0.45454545	-0.13529981	0.06895550	0.98302468
0.45454545	0.45454545	-0.14529490	0.05414977	0.98280760
0.48484848	0.45454545	-0.15450378	0.03757055	0.98284209
0.51515152	0.45454545	-0.16275335	0.01934799	0.98317741
0.54545455	0.45454545	-0.16983273	-0.00031778	0.98385513
0.57575758	0.45454545	-0.17549201	-0.02115459	0.98492417
0.60606061	0.45454545	-0.17944376	-0.04282005	0.98642102
0.63636364	0.45454545	-0.18140217	-0.06484323	0.98833644
0.66666667	0.45454545	-0.18104333	-0.08656532	0.99061889
0.69696970	0.45454545	-0.17801785	-0.10712755	0.99317179
0.72727273	0.45454545	-0.17197999	-0.12546756	0.99585063
0.75757576	0.45454545	-0.16263019	-0.14033466	0.99846638
0.78787879	0.45454545	-0.14977437	-0.15033924	1.00079783
0.81818182	0.45454545	-0.13340333	-0.15405650	1.00261460
0.84848485	0.45454545	-0.11379311	-0.15020633	1.00371072
0.87878788	0.45454545	-0.09161927	-0.13792236	1.00394416
0.90909091	0.45454545	-0.06806284	-0.11708890	1.00327192
0.93939394	0.45454545	-0.04486055	-0.08865336	1.00176543
0.96969697	0.45454545	-0.02422438	-0.05473791	0.99959108
0.00000000	0.48484848	0.00000000	0.01825019	0.99489968
0.03030303	0.48484848	0.00000000	0.05120713	0.98930140
0.06060606	0.48484848	-0.00375449	0.07733956	0.98839422
0.09090909	0.48484848	-0.01039915	0.09727181	0.98762758
0.12121212	0.48484848	-0.01916387	0.11175860	0.98693305
0.15151515	0.48484848	-0.02939666	0.12156796	0.98625555
0.18181818	0.48484848	-0.04057229	0.12740293	0.98555629
0.21212121	0.48484848	-0.05228676	0.12985770	0.98481260
0.24242424	0.48484848	-0.06424233	0.12940088	0.98401668
0.27272727	0.48484848	-0.07622766	0.12637774	0.98317397
0.30303030	0.48484848	-0.08809683	0.12102434	0.98230186
0.33333333	0.48484848	-0.09974926	0.11348796	0.98142855
0.36363636	0.48484848	-0.11111145	0.10385005	0.98059227
0.39393939	0.48484848	-0.12212069	0.09214963	0.97984036
0.42424242	0.48484848	-0.13271048	0.07840634	0.97922797
0.45454545	0.48484848	-0.14279738	0.06264304	0.97881616
0.48484848	0.48484848	-0.15226935	0.04490836	0.97866888
0.51515152	0.48484848	-0.16097557	0.02529935	0.97884857
0.54545455	0.48484848	-0.16871876	0.00398347	0.97940986
0.57575758	0.48484848	-0.17525123	-0.01877672	0.98041599
0.60606061	0.48484848	-0.18027828	-0.04265279	0.98193189
0.63636364	0.48484848	-0.18347120	-0.06720096	0.98397760
0.66666667	0.48484848	-0.18448311	-0.09176088	0.98651661
0.69696970	0.48484848	-0.18291212	-0.11543597	0.98945918
0.72727273	0.48484848	-0.17833167	-0.13707604	0.99265533
0.75757576	0.48484848	-0.17033237	-0.15527623	0.99589429
0.78787879	0.48484848	-0.15858278	-0.16840959	0.99891412
0.81818182	0.48484848	-0.14291601	-0.17471910	1.00142501
0.84848485	0.48484848	-0.12344713	-0.17250197	1.00314811
0.87878788	0.48484848	-0.10071917	-0.16041735	1.00386644
0.90909091	0.48484848	-0.07585962	-0.13791642	1.00347646
0.93939394	0.48484848	-0.05069729	-0.10570492	1.00201973
0.96969697	0.48484848	-0.02774442	-0.06600697	0.99967057
0.00000000	0.51515152	0.00000000	0.02014651	0.99348843
0.03030303	0.51515152	0.00000000	0.05645732	0.98648567
0.06060606	0.51515152	-0.00366983	0.08511879	0.98558646
0.09090909	0.51515152	-0.01017048	0.10686939	0.98481691
0.12121212	0.51515152	-0.01873213	0.12258866	0.98410805
0.15151515	0.51515152	-0.02869384	0.13316726	0.98340255
0.18181818	0.51515152	-0.03952305	0.13941879	0.98265852
0.21212121	0.51515152	-0.05081552	0.14203006	0.98185014
0.24242424	0.51515152	-0.06228190	0.14154207	0.98096679
0.27272727	0.51515152	-0.07372745	0.13835249	0.98001186
0.30303030	0.51515152	-0.08502975	0.13273122	0.97900164
0.33333333	0.51515152	-0.09611728	0.12484273	0.97796459
0.36363636	0.51515152	-0.10694981	0.11477088	0.97694079
0.39393939	0.51515152	-0.11750105	0.10254399	0.97598140
0.42424242	0.51515152	-0.12774292	0.08815947	0.97514784
0.45454545	0.51515152	-0.13763118	0.07160823	0.97451020
0.48484848	0.51515152	-0.14709193	0.05289950	0.97414453
0.51515152	0.51515152	-0.15600913	0.03208664	0.97412850
0.54545455	0.51515152	-0.16421354	0.00929325	0.97453467
0.57575758	0.51515152	-0.17147488	-0.01524443	0.97543345
0.60606061	0.51515152	-0.17750041	-0.04122048	0.97691907
0.63636364	0.51515152	-0.18192823	-0.06822755	0.97905577
0.66666667	0.51515152	-0.18440025	-0.09562867	0.98182921
0.69696970	0.51515152	-0.18447157	-0.12251521	0.98516413
0.72727273	0.51515152	-0.18164100	-0.14767317	0.98891247
0.75757576	0.51515152	-0.17538891	-0.16956152	0.99284735
0.78787879	0.51515152	-0.16523559	-0.18632050	0.99666777
0.81818182	0.51515152	-0.15083105	-0.19584056	1.00001982
0.84848485	0.51515152	-0.13208634	-0.19593660	1.00253893
0.87878788	0.51515152	-0.10935090	-0.18468109	1.00391235
0.90909091	0.51515152	-0.08362473	-0.16092736	1.00395075
0.93939394	0.51515152	-0.05675904	-0.12495536	1.00264312
0.96969697	0.51515152	-0.03153400	-0.07896229	1.00015895
0.00000000	0.54545455	0.00000000	0.02200468	0.99193639
0.03030303	0.54545455	0.00000000	0.06160628	0.98339000
0.06060606	0.54545455	-0.00357966	0.09274894	0.98250410
0.09090909	0.54545455	-0.00991676	0.11626932	0.98174160
0.12121212	0.54545455	-0.01822861	0.13316702	0.98103308
0.15151515	0.54545455	-0.02783495	0.14445806	0.98031780
0.18181818	0.54545455	-0.03819072	0.15107297	0.97954897
0.21212121	0.54545455	-0.04889107	0.15379860	0.97869557
0.24242424	0.54545455	-0.05965795	0.15325538	0.97774233
0.27272727	0.54545455	-0.07031771	0.14989934	0.97668895
0.30303030	0.54545455	-0.08077652	0.14403896	0.97554940
0.33333333	0.54545455	-0.09099690	0.13585939	0.97435136
0.36363636	0.54545455	-0.10097690	0.12544907	0.97313600
0.39393939	0.54545455	-0.11073182	0.11282632	0.97195779
0.42424242	0.54545455	-0.12027801	0.09796521	0.97088407
0.45454545	0.54545455	-0.12961788	0.08082123	0.96999399
0.48484848	0.54545455	-0.13872542	0.06135776	0.96937629
0.51515152	0.54545455	-0.14753187	0.03957500	0.96912554
0.54545455	0.54545455	-0.15591177	0.01554300	0.96933642
0.57575758	0.54545455	-0.16366996	-0.01055675	0.97008479
0.60606061	0.54545455	-0.17053013	-0.03844797	0.97148839
0.63636364	0.54545455	-0.17611954	-0.06776004	0.97366490
0.66666667	0.54545455	-0.18007586	-0.09791232	0.97663639
0.69696970	0.54545455	-0.18192378	-0.12801572	0.98035039
0.72727273	0.54545455	-0.18110050	-0.15682493	0.98467012
0.75757576	0.54545455	-0.17698329	-0.18269258	0.98936127
0.78787879	0.54545455	-0.16894019	-0.20354525	0.99408919
0.81818182	0.54545455	-0.15641788	-0.21691594	0.99843470
0.84848485	0.54545455	-0.13908177	-0.22008948	1.00193660
0.87878788	0.54545455	-0.11702173	-0.21043923	1.00416443
0.90909091	0.54545455	-0.09102256	-0.18603161	1.00481281
0.93939394	0.54545455	-0.06286325	-0.14648008	1.00378754
0.96969697	0.54545455	-0.03552750	-0.09375139	1.00123263
0.00000000	0.57575758	0.00000000	0.02381633	0.99025115
0.03030303	0.57575758	0.00000000	0.06662780	0.98002754
0.06060606	0.57575758	-0.00351092	0.10018109	0.97915889
0.09090909	0.57575758	-0.00970271	0.12539275	0.97841689
0.12121212	0.57575758	-0.01775350	0.14337958	0.97773088
0.15151515	0.57575758	-0.02694546	0.15528894	0.97703429
0.18181818	0.57575758	-0.03671321	0.16217764	0.97627233
0.21212121	0.57575758	-0.04665156	0.16494198	0.97540579
0.24242424	0.57575758	-0.05649876	0.16428993	0.97441217
0.27272727	0.57575758	-0.06610923	0.16074232	0.97328558
0.30303030	0.57575758	-0.07542470	0.15465128	0.97203625
0.33333333	0.57575758	-0.08444793	0.14622650	0.97069014
0.36363636	0.57575758	-0.09322042	0.13556399	0.96928885
0.39393939	0.57575758	-0.10180369	0.12267412	0.96788965
0.42424242	0.57575758	-0.11026319	0.10750848	0.96656542
0.45454545	0.57575758	-0.11865374	0.08998618	0.96540412
0.48484848	0.57575758	-0.12700490	0.07002110	0.96450716
0.51515152	0.57575758	-0.13530580	0.04755240	0.96398607
0.54545455	0.57575758	-0.14348877	0.02258012	0.96395681
0.57575758	0.57575758	-0.15141206	-0.00479108	0.96452037
0.60606061	0.57575758	-0.15884238	-0.03432064	0.96580038
0.63636364	0.57575758	-0.16543891	-0.06568420	0.96795735
0.66666667	0.57575758	-0.17081868	-0.09838792	0.97107959
0.69696970	0.57575758	-0.17449880	-0.13159787	0.97514477
0.72727273	0.57575758	-0.17587803	-0.16407858	0.98003826
0.75757576	0.57575758	-0.17424705	-0.19411938	0.98553017
0.78787879	0.57575758	-0.16882736	-0.21946975	0.99126203
0.81818182	0.57575758	-0.15885028	-0.23732071	0.99675305
0.84848485	0.57575758	-0.14369850	-0.24439821	1.00143819
0.87878788	0.57575758	-0.12313442	-0.23727295	1.00474793
0.90909091	0.57575758	-0.09762749	-0.21301809	1.00622637
0.93939394	0.57575758	-0.06876366	-0.17028008	1.00565662
0.96969697	0.57575758	-0.03962681	-0.11049629	1.00312623
0.00000000	0.60606061	0.00000000	0.02558435	0.98843790
0.03030303	0.60606061	0.00000000	0.07152304	0.97640624
0.06060606	0.60606061	-0.00350039	0.10739789	0.97555764
0.09090909	0.60606061	-0.00961502	0.13418751	0.97485531
0.12121212	0.60606061	-0.01743793	0.15312912	0.97422488
0.15151515	0.60606061	-0.02618604	0.16551419	0.97358945
0.18181818	0.60606061	-0.03526377	0.17254020	0.97288132
0.21212121	0.60606061	-0.04426831	0.17522523	0.97204874
0.24242424	0.60606061	-0.05296330	0.17437395	0.97105870
0.27272727	0.60606061	-0.06124207	0.17057853	0.96989750
0.30303030	0.60606061	-0.06909184	0.16423935	0.96857032
0.33333333	0.60606061	-0.07656354	0.15559432	0.96710072
0.36363636	0.60606061	-0.08374783	0.14475018	0.96553039
0.39393939	0.60606061	-0.09075633	0.13171237	0.96391915
0.42424242	0.60606061	-0.09770663	0.11641262	0.96234522
0.45454545	0.60606061	-0.10470922	0.09873523	0.96090513
0.48484848	0.60606061	-0.11185405	0.07854412	0.95971273
0.51515152	0.60606061	-0.11919579	0.05571309	0.95889643
0.54545455	0.60606061	-0.12673690	0.03016136	0.95859358
0.57575758	0.60606061	-0.13440778	0.00189282	0.95893964
0.60606061	0.60606061	-0.14204535	-0.02890224	0.96005706
0.63636364	0.60606061	-0.14937946	-0.06195580	0.96214270
0.66666667	0.60606061	-0.15600346	-0.09688768	0.96536565
0.69696970	0.60606061	-0.16146208	-0.13295621	0.96974427
0.72727273	0.60606061	-0.16514491	-0.16898524	0.97519909
0.75757576	0.60606061	-0.16628165	-0.20325800	0.98151952
0.78787879	0.60606061	-0.16396541	-0.23340368	0.98833787
0.81818182	0.60606061	-0.15721260	-0.25631209	0.99512139
0.84848485	0.60606061	-0.14509452	-0.26814868	1.00119972
0.87878788	0.60606061	-0.12698026	-0.26459771	1.00584562
0.90909091	0.60606061	-0.10291373	-0.24152667	1.00841537
0.93939394	0.60606061	-0.07414014	-0.19625624	1.00852065
0.96969697	0.60606061	-0.04369453	-0.12927889	1.00614879
0.00000000	0.63636364	0.00000000	0.02732725	0.98649592
0.03030303	0.63636364	0.00000000	0.07633050	0.97252198
0.06060606	0.63636364	-0.00359779	0.11442367	0.97169623
0.09090909	0.63636364	-0.00976709	0.14263550	0.97106218
0.12121212	0.63636364	-0.01744724	0.16233929	0.97053623
0.15151515	0.63636364	-0.02575126	0.17499504	0.97002342
0.18181818	0.63636364	-0.03404370	0.18196319	0.96943559
0.21212121	0.63636364	-0.04193231	0.18439966	0.96870241
0.24242424	0.63636364	-0.04922201	0.18321586	0.96777633
0.27272727	0.63636364	-0.05586177	0.17908101	0.96663359
0.30303030	0.63636364	-0.06189835	0.17244700	0.96527339
0.33333333	0.63636364	-0.06744104	0.16358226	0.96371683
0.36363636	0.63636364	-0.07263615	0.15260676	0.96200600
0.39393939	0.63636364	-0.07764868	0.13952417	0.96020362
0.42424242	0.63636364	-0.08264930	0.12425020	0.95839339
0.45454545	0.63636364	-0.08780469	0.10663824	0.95668045
0.48484848	0.63636364	-0.09326622	0.08650497	0.95519098
0.51515152	0.63636364	-0.09915727	0.06365866	0.95407043
0.54545455	0.63636364	-0.10555850	0.03793373	0.95347945
0.57575758	0.63636364	-0.11248853	0.00923576	0.95358578
0.60606061	0.63636364	-0.11987810	-0.02234434	0.95451047
0.63636364	0.63636364	-0.12753993	-0.05662431	0.95648641
0.66666667	0.63636364	-0.13509268	-0.09332857	0.95976498
0.69696970	0.63636364	-0.14214318	-0.13184962	0.96441693
0.72727273	0.63636364	-0.14810448	-0.17112925	0.97041156
0.75757576	0.63636364	-0.15218144	-0.20951615	0.97757441
0.78787879	0.63636364	-0.15337471	-0.24459861	0.98554774
0.81818182	0.63636364	-0.15050479	-0.27303657	0.99376340
0.84848485	0.63636364	-0.14231665	-0.29046922	1.00145160
0.87878788	0.63636364	-0.12772831	-0.29164371	1.00771410
0.90909091	0.63636364	-0.10624137	-0.27101877	1.01168117
0.93939394	0.63636364	-0.07858545	-0.22417989	1.01273516
0.96969697	0.63636364	-0.04754537	-0.15012311	1.01070408
0.00000000	0.66666667	0.00000000	0.02908473	0.98441335
0.03030303	0.66666667	0.00000000	0.08113806	0.96834852
0.06060606	0.66666667	-0.00387010	0.12133543	0.96755120
0.09090909	0.66666667	-0.01030448	0.15075852	0.96702983
0.12121212	0.66666667	-0.01798167	0.17095497	0.96668063
0.15151515	0.66666667	-0.02586137	0.18359646	0.96637764
0.18181818	0.66666667	-0.03326333	0.19023973	0.96600098
0.21212121	0.66666667	-0.03982485	0.19219899	0.96545385
0.24242424	0.66666667	-0.04541866	0.19050249	0.96466965
0.27272727	0.66666667	-0.05007413	0.18590000	0.96361272
0.30303030	0.66666667	-0.05391666	0.17889534	0.96227627
0.33333333	0.66666667	-0.05712682	0.16978711	0.96067992
0.36363636	0.66666667	-0.05991411	0.15870897	0.95886763
0.39393939	0.66666667	-0.06249962	0.14566525	0.95690617
0.42424242	0.66666667	-0.06510568	0.13056005	0.95488541
0.45454545	0.66666667	-0.06795287	0.11322180	0.95291964
0.48484848	0.66666667	-0.07125046	0.09342696	0.95114742
0.51515152	0.66666667	-0.07518696	0.07092508	0.94973063
0.54545455	0.66666667	-0.07992023	0.04546982	0.94885276
0.57575758	0.66666667	-0.08556235	0.01686449	0.94871532
0.60606061	0.66666667	-0.09215334	-0.01494414	0.94944552
0.63636364	0.66666667	-0.09961700	-0.04987318	0.95129783
0.66666667	0.66666667	-0.10765169	-0.08774623	0.95459943
0.69696970	0.66666667	-0.11596224	-0.12813663	0.95949258
0.72727273	0.66666667	-0.12402064	-0.17016474	0.96600667
0.75757576	0.66666667	-0.13105668	-0.21232705	0.97401947
0.78787879	0.66666667	-0.13604108	-0.25227457	0.98320672
0.81818182	0.66666667	-0.13764458	-0.28654444	0.99298886
0.84848485	0.66666667	-0.13429048	-0.31032947	1.00251146
0.87878788	0.66666667	-0.12440683	-0.31743783	1.01069981
0.90909091	0.66666667	-0.10683429	-0.30074588	1.01642166
0.93939394	0.66666667	-0.08158576	-0.25365906	1.01876327
0.96969697	0.66666667	-0.05093398	-0.17297342	1.01731617
0.00000000	0.69696970	0.00000000	0.03092503	0.98215878
0.03030303	0.69696970	0.00000000	0.08609760	0.96382191
0.06060606	0.69696970	-0.00440767	0.12827313	0.96306775
0.09090909	0.69696970	-0.01140984	0.15861967	0.96273038
0.12121212	0.69696970	-0.01927028	0.17893575	0.96266513
0.15151515	0.69696970	-0.02673919	0.19117608	0.96269411
0.18181818	0.69696970	-0.03310103	0.19714150	0.96264967
0.21212121	0.69696970	-0.03806048	0.19832912	0.96239881
0.24242424	0.69696970	-0.04160026	0.19589220	0.96185169
0.27272727	0.69696970	-0.04386516	0.19066028	0.96096031
0.30303030	0.69696970	-0.04508361	0.18318481	0.95971340
0.33333333	0.69696970	-0.04552268	0.17378991	0.95813183
0.36363636	0.69696970	-0.04546368	0.16261990	0.95626480
0.39393939	0.69696970	-0.04518668	0.14968017	0.95418504
0.42424242	0.69696970	-0.04496110	0.13486712	0.95198973
0.45454545	0.69696970	-0.04505693	0.11799082	0.94980391
0.48484848	0.69696970	-0.04573354	0.09879724	0.94777919
0.51515152	0.69696970	-0.04723381	0.07698992	0.94609263
0.54545455	0.69696970	-0.04978138	0.05225333	0.94494683
0.57575758	0.69696970	-0.05357194	0.02428716	0.94456775
0.60606061	0.69696970	-0.05875157	-0.00712976	0.94514316
0.63636364	0.69696970	-0.06537884	-0.04202107	0.94690722
0.66666667	0.69696970	-0.07335911	-0.08031677	0.95021619
0.69696970	0.69696970	-0.08245208	-0.12181135	0.95534065
0.72727273	0.69696970	-0.09224251	-0.16585903	0.96237048
0.75757576	0.69696970	-0.10205430	-0.21119280	0.97124627
0.78787879	0.69696970	-0.11092719	-0.25565667	0.98170670
0.81818182	0.69696970	-0.11746518	-0.29581305	0.99319294
0.84848485	0.69696970	-0.11980006	-0.32654450	1.00478955
0.87878788	0.69696970	-0.11587072	-0.34078657	1.01525118
0.90909091	0.69696970	-0.10374294	-0.32971477	1.02315057
0.93939394	0.69696970	-0.08248836	-0.28409830	1.02720221
0.96969697	0.69696970	-0.05353524	-0.19766848	1.02666232
0.00000000	0.72727273	0.00000000	0.03295484	0.97966754
0.03030303	0.72727273	0.00000000	0.09144254	0.95881575
0.06060606	0.72727273	-0.00533213	0.13544700	0.95814206
0.09090909	0.72727273	-0.01330333	0.16631540	0.95810661
0.12121212	0.72727273	-0.02154756	0.18623663	0.95848574
0.15151515	0.72727273	-0.02855609	0.19755994	0.95901660
0.18181818	0.72727273	-0.03361991	0.20239506	0.95946207
0.21212121	0.72727273	-0.03657995	0.20244827	0.95964249
0.24242424	0.72727273	-0.03759223	0.19900049	0.95944268
0.27272727	0.72727273	-0.03696350	0.19295268	0.95880494
0.30303030	0.72727273	-0.03505358	0.18489278	0.95771742
0.33333333	0.72727273	-0.03223209	0.17515991	0.95620706
0.36363636	0.72727273	-0.02886023	0.16390055	0.95433541
0.39393939	0.72727273	-0.02528253	0.15111849	0.95218339
0.42424242	0.72727273	-0.02180808	0.13670482	0.94985549
0.45454545	0.72727273	-0.01874928	0.12045589	0.94749164
0.48484848	0.72727273	-0.01640247	0.10209673	0.94525905
0.51515152	0.72727273	-0.01504962	0.08130048	0.94334890
0.54545455	0.72727273	-0.01496350	0.05770293	0.94198055
0.57575758	0.72727273	-0.01640355	0.03091914	0.94140113
0.60606061	0.72727273	-0.01960782	0.00055421	0.94186944
0.63636364	0.72727273	-0.02477390	-0.03352794	0.94359256
0.66666667	0.72727273	-0.03204053	-0.07137728	0.94694239
0.69696970	0.72727273	-0.04126526	-0.11304219	0.95233434
0.72727273	0.72727273	-0.05221031	-0.15814429	0.95991415
0.75757576	0.72727273	-0.06437059	-0.20573915	0.96968299
0.78787879	0.72727273	-0.07698276	-0.25402517	0.98149063
0.81818182	0.72727273	-0.08870766	-0.29978218	0.99483915
0.84848485	0.72727273	-0.09745236	-0.33778566	1.00877963
0.87878788	0.72727273	-0.10074695	-0.36025891	1.02192040
0.90909091	0.72727273	-0.09578008	-0.35664619	1.03251317
0.93939394	0.72727273	-0.08044534	-0.31464877	1.03881396
0.96969697	0.72727273	-0.05490929	-0.22390740	1.03961629
0.00000000	0.75757576	0.00000000	0.03533271	0.97681811
0.03030303	0.75757576	0.00000000	0.09750744	0.95310015
0.06060606	0.75757576	-0.00680501	0.14313573	0.95259528
0.09090909	0.75757576	-0.01622762	0.17394901	0.95306166
0.12121212	0.75757576	-0.02498921	0.19276649	0.95412793
0.15151515	0.75757576	-0.03131365	0.20249738	0.95539591
0.18181818	0.75757576	-0.03460408	0.20564074	0.95653229
0.21212121	0.75757576	-0.03495313	0.20413380	0.95730251
0.24242424	0.75757576	-0.03277890	0.19937554	0.95756981
0.27272727	0.75757576	-0.02860687	0.19231780	0.95727589
0.30303030	0.75757576	-0.02295526	0.18356488	0.95641467
0.33333333	0.75757576	-0.01631390	0.17345391	0.95502478
0.36363636	0.75757576	-0.00911991	0.16211732	0.95318093
0.39393939	0.75757576	-0.00179509	0.14955042	0.95098112
0.42424242	0.75757576	0.00530126	0.13563957	0.94855296
0.45454545	0.75757576	0.01184392	0.12016770	0.94605368
0.48484848	0.75757576	0.01752345	0.10284508	0.94366608
0.51515152	0.75757576	0.02203605	0.08332805	0.94159899
0.54545455	0.75757576	0.02507796	0.06122351	0.94009210
0.57575758	0.75757576	0.02634397	0.03609406	0.93941753
0.60606061	0.75757576	0.02552642	0.00747778	0.93987033
0.63636364	0.75757576	0.02232365	-0.02494783	0.94166342
0.66666667	0.75757576	0.01646774	-0.06143337	0.94517709
0.69696970	0.75757576	0.00789840	-0.10220913	0.95087962
0.72727273	0.75757576	-0.00339352	-0.14717435	0.95903555
0.75757576	0.75757576	-0.01724981	-0.19578192	0.96973823
0.78787879	0.75757576	-0.03316805	-0.24678380	0.98299956
0.81818182	0.75757576	-0.05000181	-0.29740752	0.99841963
0.84848485	0.75757576	-0.06562238	-0.34260162	1.01502323
0.87878788	0.75757576	-0.07734785	-0.37416893	1.03134357
0.90909091	0.75757576	-0.08140995	-0.37992247	1.04529023
0.93939394	0.75757576	-0.07431160	-0.34414141	1.05455861
0.96969697	0.75757576	-0.05443531	-0.25120372	1.05730754
0.00000000	0.78787879	0.00000000	0.03828696	0.97338996
0.03030303	0.78787879	0.00000000	0.10474587	0.94627213
0.06060606	0.78787879	-0.00903176	0.15166243	0.94613586
0.09090909	0.78787879	-0.02038881	0.18156816	0.94745077
0.12121212	0.78787879	-0.02955424	0.19830898	0.94957524
0.15151515	0.78787879	-0.03459299	0.20558380	0.95190371
0.18181818	0.78787879	-0.03524100	0.20636737	0.95398025
0.21212121	0.78787879	-0.03201992	0.20283182	0.95551597
0.24242424	0.78787879	-0.02572184	0.19646184	0.95636857
0.27272727	0.78787879	-0.01714956	0.18822127	0.95649170
0.30303030	0.78787879	-0.00698657	0.17869943	0.95589606
0.33333333	0.78787879	0.00410116	0.16821035	0.95464783
0.36363636	0.78787879	0.01558945	0.15684840	0.95284555
0.39393939	0.78787879	0.02703945	0.14458524	0.95061361
0.42424242	0.78787879	0.03806780	0.13129921	0.94810822
0.45454545	0.78787879	0.04835316	0.11675623	0.94550586
0.48484848	0.78787879	0.05758896	0.10065776	0.94300770
0.51515152	0.78787879	0.06546591	0.08265440	0.94084492
0.54545455	0.78787879	0.07166590	0.06234724	0.93928140
0.57575758	0.78787879	0.07585496	0.03928949	0.93861490
0.60606061	0.78787879	0.07768166	0.01298692	0.93917437
0.63636364	0.78787879	0.07678109	-0.01703659	0.94120153
0.66666667	0.78787879	0.07279056	-0.05120750	0.94508649
0.69696970	0.78787879	0.06544593	-0.08993685	0.95131606
0.72727273	0.78787879	0.05449341	-0.13337184	0.96024335
0.75757576	0.78787879	0.03975162	-0.18140209	0.97206249
0.78787879	0.78787879	0.02142853	-0.23355558	0.98683930
0.81818182	0.78787879	0.00022262	-0.28774289	1.00439443
0.84848485	0.78787879	-0.02239528	-0.33945793	1.02402473
0.87878788	0.78787879	-0.04354026	-0.38056052	1.04417928
0.90909091	0.78787879	-0.05855818	-0.39751698	1.06237287
0.93939394	0.78787879	-0.06245604	-0.37099083	1.07562542
0.96969697	0.78787879	-0.05118033	-0.27881669	1.08120594
0.00000000	0.81818182	0.00000000	0.04213772	0.96898522
0.03030303	0.81818182	0.00000000	0.11373505	0.93763500
0.06060606	0.81818182	-0.01224133	0.16131993	0.93831053
0.09090909	0.81818182	-0.02577847	0.18903504	0.94108729
0.12121212	0.81818182	-0.03461326	0.20238136	0.94483939
0.15151515	0.81818182	-0.03703221	0.20613685	0.94866442
0.18181818	0.81818182	-0.03351220	0.20381557	0.95197650
0.21212121	0.81818182	-0.02524234	0.19778754	0.95445188
0.24242424	0.81818182	-0.01350707	0.18955189	0.95598079
0.27272727	0.81818182	0.00057546	0.18002483	0.95656168
0.30303030	0.81818182	0.01603412	0.16972952	0.95624231
0.33333333	0.81818182	0.03213211	0.15893510	0.95513448
0.36363636	0.81818182	0.04831256	0.14769614	0.95337614
0.39393939	0.81818182	0.06416961	0.13591141	0.95112321
0.42424242	0.81818182	0.07934802	0.12341739	0.94855397
0.45454545	0.81818182	0.09353836	0.10997556	0.94586785
0.48484848	0.81818182	0.10644718	0.09529057	0.94328927
0.51515152	0.81818182	0.11777520	0.07902014	0.94107290
0.54545455	0.81818182	0.12720522	0.06077504	0.93950781
0.57575758	0.81818182	0.13439270	0.04011438	0.93892016
0.60606061	0.81818182	0.13895988	0.01653647	0.93967372
0.63636364	0.81818182	0.14049314	-0.01052258	0.94206697
0.66666667	0.81818182	0.13854819	-0.04157211	0.94652398
0.69696970	0.81818182	0.13268230	-0.07706093	0.95356205
0.72727273	0.81818182	0.12244700	-0.11739983	0.96356492
0.75757576	0.81818182	0.10744819	-0.16302992	0.97682108
0.78787879	0.81818182	0.08752584	-0.21432946	0.99345583
0.81818182	0.81818182	0.06280989	-0.27006147	1.01347649
0.84848485	0.81818182	0.03395966	-0.32681406	1.03644806
0.87878788	0.81818182	0.00346822	-0.37720519	1.06103165
0.90909091	0.81818182	-0.02429362	-0.40689711	1.08466858
0.93939394	0.81818182	-0.04240358	-0.39304790	1.10344577
0.96969697	0.81818182	-0.04362851	-0.30563903	1.11324825
0.00000000	0.84848485	0.00000000	0.04731872	0.96287696
0.03030303	0.84848485	0.00000000	0.12513468	0.92598909
0.06060606	0.84848485	-0.01657123	0.17218492	0.92846166
0.09090909	0.84848485	-0.03167167	0.19577235	0.93380076
0.12121212	0.84848485	-0.03808193	0.20399574	0.94004217
0.15151515	0.84848485	-0.03524395	0.20301074	0.94592155
0.18181818	0.84848485	-0.02503323	0.19684821	0.95077574
0.21212121	0.84848485	-0.00954518	0.18796146	0.95433624
0.24242424	0.84848485	0.00925461	0.17772656	0.95659146
0.27272727	0.84848485	0.02990571	0.16697055	0.95762154
0.30303030	0.84848485	0.05132879	0.15612341	0.95755477
0.33333333	0.84848485	0.07285392	0.14527206	0.95656045
0.36363636	0.84848485	0.09399049	0.13437005	0.95482093
0.39393939	0.84848485	0.11437893	0.12327153	0.95252840
0.42424242	0.84848485	0.13372187	0.11177805	0.94988868
0.45454545	0.84848485	0.15175527	0.09964348	0.94712540
0.48484848	0.84848485	0.16822222	0.08658081	0.94448607
0.51515152	0.84848485	0.18285222	0.07226536	0.94224872
0.54545455	0.84848485	0.19534691	0.05633148	0.94072767
0.57575758	0.84848485	0.20536901	0.03836336	0.94027810
0.60606061	0.84848485	0.21253305	0.01787803	0.94129877
0.63636364	0.84848485	0.21639669	-0.00570143	0.94416874
0.66666667	0.84848485	0.21645242	-0.03291036	0.94933389
0.69696970	0.84848485	0.21212592	-0.06424255	0.95730915
0.72727273	0.84848485	0.20279642	-0.10030696	0.96855877
0.75757576	0.84848485	0.18784470	-0.14187308	0.98349948
0.78787879	0.84848485	0.16673401	-0.18973177	1.00245218
0.81818182	0.84848485	0.13910181	-0.24398002	1.02556599
0.84848485	0.84848485	0.10506245	-0.30329502	1.05256477
0.87878788	0.84848485	0.06598745	-0.36164474	1.08250452
0.90909091	0.84848485	0.02511594	-0.40489483	1.11307560
0.93939394	0.84848485	-0.01012751	-0.40736178	1.13964003
0.96969697	0.84848485	-0.02909656	-0.32999703	1.15603111
0.00000000	0.87878788	0.00000000	0.05437905	0.95370101
0.03030303	0.87878788	0.00000000	0.13951352	0.90927855
0.06060606	0.87878788	-0.02158776	0.18369187	0.91577606
0.09090909	0.87878788	-0.03520559	0.20028878	0.92564768
0.12121212	0.87878788	-0.03437828	0.20128029	0.93560819
0.15151515	0.87878788	-0.02159033	0.19434698	0.94415248
0.18181818	0.87878788	-0.00088478	0.18381044	0.95080446
0.21212121	0.87878788	0.02429448	0.17196973	0.95550470
0.24242424	0.87878788	0.05161180	0.16001070	0.95843792
0.27272727	0.87878788	0.07957961	0.14846818	0.95982969
0.30303030	0.87878788	0.10733767	0.13745108	0.95992546
0.33333333	0.87878788	0.13435510	0.12689760	0.95896619
0.36363636	0.87878788	0.16028507	0.11666069	0.95718441
0.39393939	0.87878788	0.18488552	0.10654266	0.95480879
0.42424242	0.87878788	0.20796087	0.09631822	0.95207249
0.45454545	0.87878788	0.22932921	0.08573873	0.94922188
0.48484848	0.87878788	0.24879913	0.07453253	0.94652552
0.51515152	0.87878788	0.26615228	0.06240264	0.94428273
0.54545455	0.87878788	0.28113006	0.04902039	0.94283143
0.57575758	0.87878788	0.29342259	0.03401393	0.94255458
0.60606061	0.87878788	0.30265816	0.01694815	0.94388498
0.63636364	0.87878788	0.30839075	-0.00271174	0.94729387
0.66666667	0.87878788	0.31008061	-0.02547092	0.95323353
0.69696970	0.87878788	0.30705865	-0.05182681	0.96219561
0.72727273	0.87878788	0.29858261	-0.08247866	0.97474726
0.75757576	0.87878788	0.28385085	-0.11839162	0.99145572
0.78787879	0.87878788	0.26201643	-0.16076328	1.01286325
0.81818182	0.87878788	0.23224176	-0.21071980	1.03942299
0.84848485	0.87878788	0.19391109	-0.26856078	1.07132102
0.87878788	0.87878788	0.14717382	-0.33133339	1.10809898
0.90909091	0.87878788	0.09393599	-0.38756222	1.14787014
0.93939394	0.87878788	0.03999557	-0.40978201	1.18581957
0.96969697	0.87878788	-0.00241607	-0.34926754	1.21308452
0.00000000	0.90909091	0.00000000	0.06388995	0.93880333
0.03030303	0.90909091	0.00000000	0.15680635	0.88406878
0.06060606	0.90909091	-0.02429418	0.19369562	0.89973581
0.09090909	0.90909091	-0.02721965	0.19934462	0.91742206
0.12121212	0.90909091	-0.00950895	0.19094704	0.93261552
0.15151515	0.90909091	0.02011601	0.17731196	0.94431959
0.18181818	0.90909091	0.05521965	0.16256037	0.95276927
0.21212121	0.90909091	0.09192526	0.14851057	0.95842531
0.24242424	0.90909091	0.12833808	0.13565238	0.96180354
0.27272727	0.90909091	0.16350560	0.12402235	0.96334765
0.30303030	0.90909091	0.19697891	0.11346172	0.96343028
0.33333333	0.90909091	0.22855609	0.10374705	0.96236822
0.36363636	0.90909091	0.25814851	0.09463866	0.96044083
0.39393939	0.90909091	0.28571172	0.08589519	0.95790744
0.42424242	0.90909091	0.31120475	0.07727770	0.95502284
0.45454545	0.90909091	0.33456698	0.06854654	0.95205070
0.48484848	0.90909091	0.35570314	0.05945612	0.94927541
0.51515152	0.90909091	0.37447210	0.04974856	0.94701287
0.54545455	0.90909091	0.39067765	0.03914534	0.94562027
0.57575758	0.90909091	0.40405965	0.02733568	0.94550473
0.60606061	0.90909091	0.41428447	0.01395866	0.94713013
0.63636364	0.90909091	0.42093215	-0.00143066	0.95104649
0.66666667	0.90909091	0.42347241	-0.01925436	0.95769465
0.69696970	0.90909091	0.42119641	-0.03996132	0.96753891
0.72727273	0.90909091	0.41332601	-0.06424455	0.98125467
0.75757576	0.90909091	0.39896644	-0.09313020	0.99957068
0.78787879	0.90909091	0.37705963	-0.12806021	1.02328573
0.81818182	0.90909091	0.34635653	-0.17086566	1.05326877
0.84848485	0.90909091	0.30547241	-0.22334851	1.09039028
0.87878788	0.90909091	0.25317566	-0.28552978	1.13524051
0.90909091	0.90909091	0.18923938	-0.35068233	1.18723431
0.93939394	0.90909091	0.11663859	-0.39427398	1.24234932
0.96969697	0.90909091	0.04584645	-0.35909359	1.28904052
0.00000000	0.93939394	0.00000000	0.07596680	0.91287752
0.03030303	0.93939394	0.00000000	0.17471911	0.84506191
0.06060606	0.93939394	-0.01015807	0.19648239	0.88181657
0.09090909	0.93939394	0.02019911	0.18667352	0.91198765
0.12121212	0.93939394	0.06850857	0.16778680	0.93345008
0.15151515	0.93939394	0.12086965	0.14846218	0.94803887
0.18181818	0.93939394	0.17159384	0.13131386	0.95765316
0.21212121	0.93939394	0.21883820	0.11668460	0.96365646
0.24242424	0.93939394	0.26221099	0.10428483	0.96699204
0.27272727	0.93939394	0.30184602	0.09369270	0.96831765
0.30303030	0.93939394	0.33803782	0.08450368	0.96811201
0.33333333	0.93939394	0.37109705	0.07636718	0.96674508
0.36363636	0.93939394	0.40129546	0.06898489	0.96452363
0.39393939	0.93939394	0.42884689	0.06209898	0.96172205
0.42424242	0.93939394	0.45390102	0.05547995	0.95860442
0.45454545	0.93939394	0.47654212	0.04891565	0.95544148
0.48484848	0.93939394	0.49678873	0.04220161	0.95252465
0.51515152	0.93939394	0.51459260	0.03513233	0.95017833
0.54545455	0.93939394	0.52983633	0.02749228	0.94877137
0.57575758	0.93939394	0.54232904	0.01904577	0.94872827
0.60606061	0.93939394	0.55179967	0.00952571	0.95053938
0.63636364	0.93939394	0.55788660	-0.00137964	0.95478154
0.66666667	0.93939394	0.56011875	-0.01397293	0.96187297
0.69696970	0.93939394	0.55785502	-0.02861902	0.97227772
0.72727273	0.93939394	0.55038890	-0.04591248	0.98675624
0.75757576	0.93939394	0.53685422	-0.06678253	1.00617847
0.78787879	0.93939394	0.51613397	-0.09265794	1.03159157
0.81818182	0.93939394	0.48674271	-0.12565186	1.06431678
0.84848485	0.93939394	0.44668974	-0.16858567	1.10607118
0.87878788	0.93939394	0.39339744	-0.22415514	1.15903377
0.90909091	0.93939394	0.32395323	-0.29121017	1.22546724
0.93939394	0.93939394	0.23654760	-0.35316965	1.30548043
0.96969697	0.93939394	0.13511641	-0.35168361	1.38888114
0.00000000	0.96969697	0.00000000	0.08818413	0.86544382
0.03030303	0.96969697	0.00000000	0.18402600	0.78656551
0.06060606	0.96969697	0.08818413	0.17891039	0.87123689
0.09090909	0.96969697	0.18402600	0.15200896	0.91634856
0.12121212	0.96969697	0.26709451	0.12621844	0.94196526
0.15151515	0.96969697	0.33603496	0.10550271	0.95721074
0.18181818	0.96969697	0.39331295	0.08944194	0.96636707
0.21212121	0.96969697	0.44153768	0.07693023	0.97161297
0.24242424	0.96969697	0.48275489	0.06701155	0.97416597
0.27272727	0.96969697	0.51846790	0.05897186	0.97477174
0.30303030	0.96969697	0.54976644	0.05229212	0.97393058
0.33333333	0.96969697	0.57743976	0.04659141	0.97201091
0.36363636	0.96969697	0.60205856	0.04158242	0.96931095
0.39393939	0.96969697	0.62403118	0.03703994	0.96609545
0.42424242	0.96969697	0.64364099	0.03277931	0.96261995
0.45454545	0.96969697	0.66107111	0.02864141	0.95914836
0.48484848	0.96969697	0.67642030	0.02448160	0.95596724
0.51515152	0.96969697	0.68971252	0.02016101	0.95339842
0.54545455	0.96969697	0.70090190	0.01553853	0.95181135
0.57575758	0.96969697	0.70987353	0.01046318	0.95163635
0.60606061	0.96969697	0.71644043	0.00477071	0.95338001
0.63636364	0.96969697	0.72033672	-0.00169492	0.95757739
0.66666667	0.96969697	0.72121114	-0.00910796	0.96462967
0.69696970	0.96969697	0.71864180	-0.01773136	0.97503954
0.72727273	0.96969697	0.71210318	-0.02797817	0.98959247
0.75757576	0.96969697	0.70091044	-0.04052028	1.00923154
0.78787879	0.96969697	0.68412501	-0.05647299	1.03515849
0.81818182	0.96969697	0.66039016	-0.07768479	1.06902120
0.84848485	0.96969697	0.62765202	-0.10711548	1.11325706
0.87878788	0.96969697	0.58270537	-0.14899270	1.17170397
0.90909091	0.96969697	0.52053654	-0.20728940	1.25056711
0.93939394	0.96969697	0.43371267	-0.27713441	1.35937449
0.96969697	0.96969697	0.31324714	-0.31324714	1.50978008
